
**********************************************************************************************
**                                   Basic Information                                      **
**********************************************************************************************

----------------- Dataset Information -----------------
                         Country: Cabo Verde
                    Country dode: CPV
                       Data Year: 2007
                        Coverage: National
             Welfare measurement: Consumption
                     Data format: Unit record
                     Data source: CPV_N2007X
                  Data time span: UnDefined
-------------------------------------------------------


----------- Distribution ------------
   i           P           L 
-------------------------------------
   0    0.010033  0.00098844
   1    0.020096   0.0024463
   2    0.030079    0.004134
   3    0.040134   0.0060303
   4    0.050059   0.0079896
   5    0.060076    0.010093
   6     0.07016     0.01233
   7    0.080035    0.014623
   8    0.090045    0.017038
   9     0.10006    0.019561
  10     0.11005    0.022168
  11     0.12011     0.02492
  12     0.13042     0.02783
  13     0.14001    0.030605
  14     0.15004    0.033603
  15     0.16001    0.036668
  16     0.17034    0.039936
  17     0.18003    0.043083
  18     0.19002    0.046388
  19     0.20081    0.050054
  20     0.21011    0.053286
  21     0.22002    0.056813
  22     0.23004    0.060475
  23     0.24012    0.064243
  24     0.25011    0.068057
  25     0.26084    0.072251
  26     0.27004    0.075931
  27     0.28024    0.080123
  28     0.29048    0.084419
  29     0.30003    0.088507
  30     0.31041    0.093072
  31     0.32001    0.097381
  32      0.3305     0.10223
  33        0.34     0.10674
  34     0.35028     0.11172
  35     0.36149     0.11725
  36      0.3701     0.12156
  37     0.38007     0.12667
  38     0.39007     0.13192
  39     0.40009     0.13727
  40     0.41028     0.14287
  41     0.42001     0.14829
  42     0.43002     0.15396
  43     0.44001     0.15974
  44     0.45001     0.16561
  45      0.4603     0.17174
  46     0.47002     0.17761
  47      0.4801     0.18379
  48     0.49014     0.19006
  49     0.50008     0.19642
  50     0.51181      0.2041
  51     0.52005     0.20958
  52      0.5301      0.2164
  53     0.54012     0.22334
  54     0.55009     0.23038
  55     0.56039     0.23779
  56      0.5701      0.2449
  57     0.58002      0.2523
  58     0.59009     0.25997
  59     0.60002     0.26768
  60     0.61001     0.27559
  61     0.62003     0.28368
  62     0.63091     0.29268
  63     0.64049     0.30076
  64     0.65001     0.30892
  65     0.66001     0.31767
  66     0.67082     0.32736
  67     0.68029     0.33608
  68     0.69083     0.34598
  69     0.70008     0.35484
  70     0.71007     0.36463
  71        0.72     0.37464
  72     0.73002     0.38504
  73     0.74034     0.39609
  74     0.75003      0.4068
  75     0.76041     0.41859
  76     0.77082     0.43078
  77     0.78005     0.44196
  78     0.79005     0.45439
  79     0.80342     0.47177
  80     0.81014      0.4807
  81     0.82011     0.49436
  82     0.83025     0.50886
  83     0.84006     0.52354
  84     0.85031     0.53969
  85     0.86099     0.55732
  86     0.87017     0.57307
  87     0.88007     0.59063
  88     0.89003     0.60918
  89     0.90036     0.62931
  90      0.9102     0.64944
  91      0.9201     0.67078
  92     0.93043     0.69461
  93     0.94036     0.71926
  94     0.95076     0.74709
  95     0.96005     0.77502
  96     0.97007     0.81007
  97     0.98018     0.85211
  98     0.99049     0.90313
  99           1           1
-----------------------------------------

----------------- PPP$ and local currency --------------
         PPP used in computation: 78.175
     Data mean in local currency: 10289.8
               Data mean in PPP$: 243.331
        Poverty line in PPP$/Day: 1.9
      Poverty line in PPP$/Month: 57.7917
  Poverty line in local currency: 2443.85
-------------------------------------------------------

----------------- Estimation result --------------
     Number of observation: 6923
          Total population: 493673
              Total wealth: 6.49798E+07
                   Minimum: 6.23135
                   Maximum: 6403.77
             Headcount(HC): 0.0807316
          Poverty gap (PG): 0.0184671
       Poverty gap squared: 0.00677988
                      Gini: 0.471874
                    Median: 157.108
                       MLD: 0.379047
                      Watt: 0.0237327
--------------------------------------------------

-------------------------------- Income or Consumption share by deciles (%) -------------------------------------
     1.9545     3.0234     3.8716     4.8727     5.9147     7.1294     8.7097     11.256     16.129     37.138
-----------------------------------------------------------------------------------------------------------------

