
**********************************************************************************************
**                                   Basic Information                                      **
**********************************************************************************************

----------------- Dataset Information -----------------
                         Country: Nigeria
                    Country dode: NGA
                       Data Year: 2009
                        Coverage: National
             Welfare measurement: Consumption
                     Data format: Unit record
                     Data source: NGA_N2009X
                  Data time span: UnDefined
-------------------------------------------------------


----------- Distribution ------------
   i           P           L 
-------------------------------------
   0    0.010016  0.00098142
   1    0.020063   0.0024446
   2     0.03001   0.0041554
   3    0.040228   0.0060992
   4    0.050007    0.008096
   5    0.060038    0.010301
   6    0.070054     0.01266
   7    0.080025     0.01513
   8    0.090001    0.017717
   9         0.1    0.020433
  10     0.11001    0.023273
  11     0.12004    0.026238
  12     0.13002    0.029303
  13     0.14003    0.032482
  14     0.15004    0.035772
  15     0.16002    0.039171
  16        0.17    0.042669
  17     0.18004    0.046285
  18     0.19004    0.049968
  19     0.20001    0.053729
  20        0.21    0.057592
  21     0.22006    0.061588
  22     0.23001    0.065639
  23        0.24    0.069811
  24     0.25001     0.07409
  25     0.26001    0.078475
  26     0.27003    0.082973
  27     0.28003    0.087567
  28     0.29002    0.092251
  29     0.30001    0.097045
  30     0.31003     0.10196
  31     0.32003     0.10697
  32     0.33001     0.11205
  33     0.34002     0.11727
  34     0.35001     0.12258
  35     0.36015     0.12807
  36     0.37003     0.13353
  37     0.38004     0.13919
  38     0.39003     0.14494
  39     0.40001      0.1508
  40     0.41015     0.15689
  41     0.42002     0.16291
  42     0.43011     0.16918
  43     0.44001     0.17545
  44     0.45001      0.1819
  45     0.46006     0.18851
  46        0.47     0.19516
  47     0.48008     0.20204
  48     0.49001     0.20894
  49     0.50001     0.21602
  50     0.51001     0.22321
  51     0.52005     0.23057
  52     0.53001       0.238
  53     0.54002     0.24563
  54     0.55002     0.25338
  55     0.56014     0.26136
  56     0.57007     0.26934
  57     0.58002      0.2775
  58        0.59     0.28584
  59     0.60012     0.29446
  60     0.61001     0.30305
  61     0.62001     0.31192
  62        0.63     0.32095
  63     0.64005     0.33023
  64     0.65001     0.33961
  65     0.66001     0.34922
  66     0.67002     0.35905
  67        0.68     0.36908
  68     0.69001     0.37935
  69     0.70006     0.38989
  70     0.71003     0.40059
  71     0.72001     0.41156
  72     0.73001      0.4228
  73     0.74027     0.43465
  74     0.75002     0.44617
  75     0.76006     0.45835
  76     0.77002     0.47076
  77     0.78002     0.48355
  78     0.79005     0.49672
  79         0.8     0.51016
  80     0.81001     0.52403
  81     0.82001     0.53828
  82     0.83003     0.55303
  83     0.84001      0.5682
  84     0.85002     0.58394
  85     0.86001     0.60027
  86     0.87004     0.61732
  87     0.88003     0.63499
  88     0.89001     0.65341
  89     0.90002     0.67277
  90     0.91006     0.69327
  91        0.92     0.71453
  92        0.93     0.73709
  93     0.94001     0.76113
  94     0.95003     0.78695
  95        0.96     0.81479
  96     0.97004     0.84582
  97        0.98     0.88118
  98      0.9901     0.92488
  99           1           1
-----------------------------------------

----------------- PPP$ and local currency --------------
         PPP used in computation: 79.5315
     Data mean in local currency: 5331.52
               Data mean in PPP$: 75.8598
        Poverty line in PPP$/Day: 1.9
      Poverty line in PPP$/Month: 57.7917
  Poverty line in local currency: 4061.67
-------------------------------------------------------

----------------- Estimation result --------------
     Number of observation: 33750
          Total population: 1.63414E+08
              Total wealth: 1.09547E+10(PPP$)
                   Minimum: 1.8777(PPP$)
                   Maximum: 5814.51(PPP$)
             Headcount(HC): 0.534675
          Poverty gap (PG): 0.217622
       Poverty gap squared: 0.115813
                      Gini: 0.429664
                    Median: 54.0968
                       MLD: 0.316346
                      Watt: 0.327843
--------------------------------------------------

-------------------------------- Income or Consumption share by deciles (%) -------------------------------------
     2.0432     3.3293     4.3313     5.3762     6.5208     7.8351     9.5465     12.034     16.257     32.727
-----------------------------------------------------------------------------------------------------------------

